dat <-
structure(list(prIRS = c(23.158200000000001, 15.1852, 19.592600000000001, 
25.552499999999998, 19.0014, 15.4452, 10.6225, 15.700699999999999, 
22.597100000000001, 21.2454, 22.168399999999998, 15.7271, 18.636500000000002, 
16.639900000000001, 17.358000000000001, 13.9122, 16.288499999999999, 
22.186800000000002, 25.4785, 15.868600000000001, 12.1813, 11.3752, 
17.8325, 11.8103, 27.309799999999999, 19.193999999999999, 20.8032, 
14.987399999999999, 15.4411, 9.7870000000000008, 12.282999999999999, 
26.372499999999999, 20.109200000000001, 21.0733, 13.9587, 17.107600000000001, 
23.9665, 18.211600000000001, 15.2362, 15.4628, 21.8127, 16.9026, 
21.829999999999998, 24.198499999999999, 15.1477, 14.0154, 14.3163, 
14.653700000000001, 23.500900000000001, 14.245900000000001, 15.308199999999999
), nfIRS = c(14.665699999999999, 10.9282, 19.3337, 15.5482, 16.133099999999999, 
13.201599999999999, 9.8878000000000004, 11.4757, 26.516500000000001, 
13.051, 17.1295, 10.158099999999999, 11.565899999999999, 12.419600000000001, 
9.8109000000000002, 10.1244, 10.650399999999999, 14.240399999999999, 
18.637599999999999, 9.9814000000000007, 11.441000000000001, 11.658799999999999, 
12.854799999999999, 9.1913, 18.366099999999999, 12.375999999999999, 
10.5983, 8.7570999999999994, 14.0893, 6.5639000000000003, 9.7169000000000008, 
15.049200000000001, 15.9678, 13.452999999999999, 7.6197999999999997, 
10.2705, 14.956, 15.6157, 9.7158999999999995, 13.170999999999999, 
14.962999999999999, 8.7096999999999998, 12.1272, 15.2515, 10.3148, 
7.9836999999999998, 10.955, 12.081300000000001, 14.5337, 7.7449000000000003, 
7.5945999999999998), prCensus = c(11.846399999999999, 7.6478000000000002, 
9.0292999999999992, 13.678000000000001, 5.5186000000000002, 5.3728999999999996, 
5.9650999999999996, 7.6801000000000004, 15.784599999999999, 7.0090000000000003, 
10.108000000000001, 6.7534000000000001, 6.3647999999999998, 9.4977, 
9.0679999999999996, 7.4459999999999997, 6.6272000000000002, 14.0002, 
15.9802, 12.082000000000001, 5.3948, 6.5528000000000004, 10.9984, 
5.1124999999999998, 14.088900000000001, 13.557499999999999, 8.6851000000000003, 
6.7685000000000004, 4.8212999999999999, 4.2214999999999998, 4.6288, 
12.5922, 9.2304999999999993, 9.6053999999999995, 6.7133000000000003, 
9.1221999999999994, 12.1988, 11.803900000000001, 8.7129999999999992, 
6.8402000000000003, 12.4064, 7.4667000000000003, 14.501200000000001, 
10.6311, 5.3315000000000001, 7.4786999999999999, 6.6252000000000004, 
8.3699999999999992, 14.690300000000001, 6.5480999999999998, 4.8017000000000003
), yi = c(19.440000000000001, 11.004200000000001, 17.441700000000001, 
17.067499999999999, 16.373999999999999, 13.8223, 11.1761, 10.9421, 
39.177799999999998, 13.1289, 18.6752, 8.9791000000000007, 10.6332, 
13.977399999999999, 14.395099999999999, 11.7906, 14.608700000000001, 
19.450600000000001, 21.403400000000001, 13.2582, 11.164199999999999, 
10.4374, 13.7041, 8.6719000000000008, 28.5959, 14.557, 15.401, 
10.2408, 11.2873, 4.2812999999999999, 7.8288000000000002, 24.1676, 
19.0426, 15.5943, 10.181699999999999, 14.686400000000001, 18.316400000000002, 
13.108599999999999, 14.837899999999999, 17.617799999999999, 18.369299999999999, 
14.050800000000001, 19.032299999999999, 20.2852, 10.2935, 5.5098000000000003, 
11.138500000000001, 13.355700000000001, 17.511199999999999, 13.2562, 
8.6113999999999997), vi = c(3.0371000000000001, 2.2330000000000001, 
2.6002999999999998, 3.133, 1.0133000000000001, 1.8075000000000001, 
1.5943000000000001, 2.1231, 3.7389999999999999, 1.4316, 2.4190999999999998, 
1.6554, 2.5022000000000002, 1.6798999999999999, 1.9913000000000001, 
1.8343, 2.2595999999999998, 2.8700999999999999, 3.6173000000000002, 
2.2597, 1.5785, 2.4056000000000002, 1.8455999999999999, 1.5802, 
3.7631999999999999, 2.1829999999999998, 3.0430999999999999, 1.8617999999999999, 
2.1402999999999999, 1.3821000000000001, 1.6509, 3.2561, 1.5430999999999999, 
2.3378000000000001, 2.0063, 1.6675, 2.7755999999999998, 2.4836, 
1.5464, 2.4641000000000002, 2.6996000000000002, 2.7378, 2.6309, 
1.3081, 2.1034999999999999, 1.7153, 1.8882000000000001, 2.0333000000000001, 
2.9861, 1.8713, 1.9617), state = c("AL", "AK", "AZ", "AR", "CA", 
"CO", "CT", "DE", "DC", "FL", "GA", "HI", "ID", "IL", "IN", "IA", 
"KS", "KY", "LA", "ME", "MD", "MA", "MI", "MN", "MS", "MO", "MT", 
"NE", "NV", "NH", "NJ", "NM", "NY", "NC", "ND", "OH", "OK", "OR", 
"PA", "RI", "SC", "SD", "TN", "TX", "UT", "VT", "VA", "WA", "WV", 
"WI", "WY")), class = "data.frame", row.names = c(NA, -51L))
